0.0210796
0.0213629
0.0475185
0.0835691
0.125787
0.164898
0.195792
0.216846
0.235578
0.251938
0.267716
0.281448
0.296668
0.313529
0.329558
0.343471
0.353529
0.361978
0.367369
0.371998
0.377443
0.382373
0.38679
0.388735
0.390651
0.392841
0.396691
0.400255
0.403996
0.407638
0.411319
0.414206
0.417525
0.422114
0.426406
0.430427
0.433946
0.437767
0.441157
0.443818
0.445221
0.44552
0.444855
0.444372
0.444282
0.444567
0.446131
0.449523
0.45554
0.462318
0.469457
0.475381
0.480056
0.48249
0.48217
0.482069
0.481901
0.481907
0.481989
0.4822
0.482091
0.480802
0.478556
0.475736
0.474193
0.47423
0.480516
0.491145
0.502155
0.515548
0.523983
0.533831
0.538224
0.542043
0.540282
0.53809
0.537317
0.537392
0.537322
0.53711
0.53702
0.537007
0.541765
0.551116
0.564464
0.574362
0.577926
0.574306
0.570308
0.568608
0.567556
0.567088
0.563581
0.560064
0.560752
0.561362
0.561648
0.557594
0.553136
0.548773
