1.12475
1.12609
1.10867
1.09194
1.08811
1.08853
1.09088
1.09238
1.09427
1.09603
1.09715
1.09882
1.09644
1.09249
1.08814
1.08287
1.07733
1.07172
1.06589
1.06089
1.05682
1.05302
1.04973
1.04559
1.0413
1.0372
1.03355
1.03036
1.028
1.02624
1.0246
1.02373
1.02279
1.02157
1.02091
1.02036
1.02002
1.01968
1.01937
1.01917
1.01923
1.01979
1.02246
1.02555
1.03092
1.03697
1.04353
1.05633
1.06754
1.07984
1.09139
1.10186
1.11114
1.12076
1.12915
1.13703
1.14392
1.15094
1.15766
1.16501
1.17068
1.17659
1.17302
1.16924
1.16615
1.16405
1.16259
1.16198
1.16326
1.16587
1.16899
1.1699
1.1702
1.16975
1.16963
1.16911
1.16759
1.16552
1.16343
1.16109
1.15858
1.15644
1.15541
1.15445
1.15307
1.15233
1.15193
1.15256
1.1602
1.17835
1.18386
1.18505
1.18495
1.18442
1.18337
1.18246
1.1816
1.18103
1.18928
1.20289
1.21509
1.22757
1.23863
1.25011
1.26107
1.26325
1.26555
1.2675
1.26816
1.26836
1.26842
1.26852
1.2691
1.27002
1.27173
1.27386
1.27674
1.27926
1.28156
1.28412
1.287
1.28985
1.29223
1.29485
1.29856
1.30222
1.30602
1.3092
1.31188
1.31475
1.31725
1.31912
1.32124
1.32295
1.32384
1.32447
1.32504
1.32527
1.32514
1.32474
1.32407
1.32321
1.32213
1.3209
1.31945
1.31784
1.31608
1.31421
1.31222
1.31013
