1.12475
1.12609
1.09432
1.04558
1.01648
0.987775
0.963653
0.940465
0.9181
0.897625
0.879786
0.864407
0.849905
0.83783
0.828738
0.821086
0.814664
0.809327
0.805525
0.802713
0.800322
0.797985
0.794978
0.792114
0.788752
0.785526
0.782606
0.780159
0.778321
0.77737
0.776496
0.775665
0.774661
0.773591
0.772556
0.771705
0.771023
0.770367
0.770188
0.770362
0.770967
0.7722
0.775303
0.779046
0.784192
0.790307
0.796937
0.808888
0.820053
0.831348
0.841545
0.851022
0.859654
0.868468
0.877124
0.885065
0.892323
0.900434
0.907831
0.915743
0.923657
0.931356
0.931119
0.931278
0.932727
0.934907
0.937691
0.941036
0.945487
0.950673
0.955473
0.958741
0.96088
0.962023
0.96176
0.961243
0.959597
0.95743
0.955346
0.953245
0.951162
0.949847
0.94961
0.949535
0.949739
0.950282
0.951205
0.953089
0.959523
0.974308
0.978575
0.981072
0.983666
0.986213
0.988368
0.99044
0.992352
0.994288
1.00467
1.02085
1.0361
1.0521
1.06726
1.08315
1.09786
1.10225
1.10658
1.11085
1.11454
1.11752
1.12002
1.12235
1.12481
1.12719
1.13001
1.13353
1.13786
1.1424
1.14737
1.15235
1.15757
1.1626
1.16744
1.17276
1.17796
1.18302
1.18815
1.19264
1.19674
1.20072
1.20449
1.20796
1.21149
1.21494
1.21884
1.22281
1.22684
1.23076
1.23468
1.23873
1.24293
1.24718
1.25154
1.25596
1.26047
1.26504
1.26969
1.27442
1.27922
1.28407
