0.0210796
0.0213629
0.039382
0.0604245
0.0821042
0.0945349
0.0982603
0.0993822
0.0978023
0.0961631
0.0951157
0.0949249
0.0970868
0.100072
0.10268
0.105213
0.107974
0.110567
0.112597
0.114891
0.117958
0.120926
0.123845
0.126383
0.12911
0.132421
0.136613
0.141123
0.145958
0.151361
0.157259
0.162816
0.167609
0.17237
0.176958
0.182175
0.187122
0.192056
0.197451
0.202769
0.20629
0.207942
0.207837
0.206835
0.206075
0.20576
0.206325
0.208785
0.214458
0.221423
0.229029
0.235225
0.240191
0.243134
0.243414
0.243867
0.244387
0.244771
0.24514
0.245692
0.24641
0.246486
0.246272
0.246089
0.246976
0.249272
0.257727
0.270536
0.283732
0.29947
0.310064
0.321286
0.327245
0.332351
0.332488
0.332861
0.334698
0.33743
0.339946
0.34229
0.34467
0.347018
0.354358
0.366279
0.382497
0.395259
0.401655
0.400621
0.399148
0.400428
0.402312
0.404179
0.402802
0.401177
0.403341
0.40516
0.406507
0.403564
0.400532
0.397565
